$ANSIBLE_VAULT;1.1;AES256
33636633326138386266383563656339653465303665356164383361303533653466396164633230
6464663264623364336365333334613433653963383561370a306330303065373861663035396562
63613536323237386634643936386630313531623339643935336365643732373232326462653366
3731633664363661330a636237363031643936373936663133383862623338353662363134666639
31633835393964336161626664666230323531623736366237313262306639356138666136396137
63333861393837336431303930353136633332653037346439623534393738366235326463623664
33613735333135353633643537396535323837313835373264346630376131346639666366326433
34396334633261386462343435633134356565336232396661626532626162376363356133373632
61386430373861623264616232613565653737313861383430346466393965373933326433366339
33653632343131313562633538376536346266383462376566363437346132323033393936643563
37393632616635653731336430373038623931393531373233386361373865393830366161346432
62633461386132323735366638396337653130333335313231346537363036373734336435613237
64656664613234643834396135353163666234303765643762353836666666363832
